R4
002
02
2
003
03
3
004
04
4
005
05
5
006
06
6
007
07
7
008
08
8
009
09
9
010
10
014
14
015
15
016
16
017
17
019
19
020
20
022
22
023
23
025
25
026
26
027
27
028
28
029
29
031
31
032
32
033
33
041
41
042
42
044
44
049
49
050
50
068
68
080
80
084
84
099
99
100
R5
101
103
104
105
106
109
110
112
116
119
123
128
129
130
131
132
133
134
136
143
144
145
146
147
148
155
R3
150
151
152
153
156
157
159
160
169
170
171
172
173
174
175
179
180
181
182
183
184
185
186
187
188
189
191
R2
209
210
211
212
214
215
222
226
227
228
229
230
231
232
236
240
241
245
246
247
249
250
251
252
253
254
255
256
257
258
262
280
281
282
R1
301
310
311
312
314
316
319
320
321
322
323
324
325
326
329
335
337
340
341
342
345
350
351
352
354
360
361
362
363
364
370
371
372
373
375
388
391
393
394
395
401
402
403
404
405
406
407
408
410
412
413
414
416
418
430
480
501
502
503
509
531
555
560
561
562
563
564
595
601
602
603
604
606
608
609
614
616
618
619
620
640
701
719
722
733
741
743
744
745
746
748
749
791
840
848
855
861
863
864
865
880
881
900
N8
N9
N10
N15
N17
N19
N20
N22
N24
N35
