61522
53331
61521
51114
61528
61527
61526
56113
61531
61530
55933
55926
59772
55924
55925
56426
56731
56732
56729
56730
56727
56728
56725
56726
56733
56734
50268
50270
50271
50273
50274
50275
50276
61750
52126
61897
61848
61896
61424
61833
61893
59031
58818
60776
60778
58840
58838
55939
58841
58844
60566
53481
53480
53475
53474
53473
53472
53479
53478
53477
53476
52663
52664
52659
52660
52661
52662
52655
52656
52657
52658
50098
50091
50093
50095
50097
50096
51168
51167
51166
51165
51164
51163
51162
51161
51170
51169
57118
57119
57115
57116
57117
50866
60590
59467
51754
60516
60515
57943
60585
60580
57938
58238
57383
57384
57382
57380
57377
54541
54538
57385
57386
54539
54544
54797
52722
52721
58124
61064
61063
61062
61035
61036
59526
52723
61061
61060
54547
52296
55472
56471
52292
52293
50389
50388
50386
50393
50394
52287
52286
54677
54676
54673
54672
54675
54674
54669
54668
54671
52284
61380
61379
55790
55789
55788
55787
55786
55785
61372
61371
61374
61373
61376
61375
61378
61377
59385
54568
54569
54570
54571
54572
54573
54574
54575
54576
54577
56347
56358
56380
61668
61667
61663
61664
61642
61579
61581
50179
50178
50177
50176
50174
59582
59835
59836
52704
59832
57147
57148
57139
57142
57143
57146
56157
60084
59542
59547
59511
59541
59510
59532
60085
60086
56754
56753
56745
56748
56750
56749
56752
58100
52425
60070
60069
60071
60072
58404
58405
51968
58478
58315
58227
58460
58403
57596
57595
60402
57590
57589
57592
57591
57594
57593
51755
60399
51749
51746
51747
51752
51753
51750
50685
50686
51532
51533
51530
50690
50687
50688
57661
52095
50692
58674
60000
51537
58352
58348
58347
52770
61580
53842
55564
55557
51869
55555
55556
59105
58396
61677
61678
60797
59106
60781
58721
59120
53671
60753
58905
58775
50362
60779
60780
58842
59039
53893
58843
56714
58251
56710
56711
56712
56713
61480
56707
56708
56709
59346
54875
54878
54879
54880
50256
50361
50250
50248
50249
59041
50255
50253
61921
61670
61927
61917
61925
56550
58394
58990
53650
53649
53644
53648
53647
53646
53645
52490
52491
52492
52488
52489
50357
53493
53495
53494
55006
55007
53499
53498
55002
55003
55004
54609
54998
54999
55000
55001
60969
60966
60965
60968
60967
59300
58762
52863
58257
59576
59795
59590
51150
51149
51145
51148
51147
51142
51141
51144
51143
52743
57960
57959
57962
57961
57956
57955
57958
57957
52744
57964
57963
60602
60464
60352
60925
60470
60342
59709
60598
60349
50137
60599
59662
59393
54252
54251
54248
61210
54250
54249
54243
54246
54245
59940
60092
54697
54696
60091
54691
54690
54689
54688
54695
60094
54693
54692
60093
55814
55813
55810
60088
55812
55811
55806
55805
55808
55807
60090
60089
52163
52162
52161
52160
52167
54556
52164
54554
54555
52169
52168
54550
54551
54549
56842
56841
60096
56840
60095
56839
56838
58042
50151
50150
59842
50155
50154
50157
50158
56835
56398
56128
56127
56124
56123
56122
56121
56130
56129
52702
52701
52700
52699
52698
52697
52696
52695
52703
57870
57871
57872
59623
57866
57867
59775
59794
59780
59649
60825
60824
57874
59783
59565
59554
53057
58731
59478
59485
59498
58038
58102
58421
58523
59228
59958
53056
60014
52606
59887
51925
50683
58130
58457
50811
50812
50804
50805
50806
50807
50808
50810
56306
55215
51687
58635
51689
51690
55210
51692
54519
51694
51695
55217
55216
52079
52076
58258
61201
61194
61193
61192
61191
61189
61166
61224
52998
59378
52995
52994
52993
52992
52991
52990
52989
58387
58385
58304
54151
54152
54149
54150
54146
54147
55615
55616
55617
55618
55619
55620
55621
55622
55623
55624
57800
57801
57798
57799
60120
60132
60769
60184
56694
56695
56688
56689
56686
56687
56692
56693
56690
56691
59658
58991
58946
54408
59260
50339
59848
61946
61825
61948
61947
61950
61951
61935
50232
50233
50234
50228
50229
50230
54628
51525
52514
52515
99958
52508
52509
52506
52507
52512
52513
52510
52511
55026
55027
55020
55021
55018
55019
55024
55025
55022
55023
59073
59072
50931
50930
59066
59064
59259
60864
60865
50924
51967
60868
50927
50926
55327
55328
55329
55332
55333
55334
55335
55336
61755
51740
59879
50790
50789
50788
50787
50786
58954
50784
50783
58692
58776
50792
50791
52390
51130
51129
51124
51123
51122
51121
51128
51127
51126
51125
54922
54923
57080
57081
57076
57077
57078
57079
57072
57073
57074
57075
52128
60613
53031
60617
60616
60608
57981
54973
60614
60949
60950
57984
57983
60631
60630
61856
52854
57425
52852
52857
52858
52855
52856
57419
57420
57417
57418
57423
57421
57422
61139
59964
59137
59138
54709
54708
54711
54710
54713
54712
54715
54714
54717
54716
61273
61324
61295
61332
61326
61312
61309
61334
61297
55754
55753
55748
50682
55746
55745
55752
55751
55750
55749
51561
61717
61716
61691
51564
51562
59708
59751
52684
52683
59761
52680
58962
52682
52681
54832
59754
52678
52677
57887
57888
57885
57886
57891
57892
57889
57890
60517
58670
56199
56198
59889
60746
56193
56192
59873
59878
59807
56196
56195
56194
59974
57944
59223
59220
59219
58666
50825
53437
53438
50824
50829
50830
50827
53435
58420
50832
53440
61110
56956
55197
55196
51714
56955
55193
51713
51710
51711
55189
55188
51706
51707
56953
54784
59674
57212
57211
57210
52976
52975
52970
52969
52972
52971
52977
57215
51576
51577
57214
51570
51571
51568
51569
51574
51575
51572
51573
60755
57864
53281
57218
57217
60756
55603
55604
55601
55602
55599
55600
55597
55598
55596
60172
60170
60177
60179
60180
60182
60173
60174
60175
60176
57703
57701
57700
57699
57698
57697
57705
57704
53877
53876
53875
53874
53873
53872
53871
53879
53878
56667
56668
56669
56670
56671
56672
56673
56674
56675
58067
55429
50456
55434
55435
55437
55439
50213
50214
50211
50212
50209
50210
61541
50217
56030
56031
59556
59552
56026
56027
56024
56025
61930
61933
55943
61536
53610
53608
53607
53606
53605
53604
53603
53602
52526
58318
52528
52529
52531
58720
52533
52534
50611
50533
50536
51941
56450
56454
54963
54964
54965
54966
54967
54370
54369
54368
54367
54366
54365
54364
54362
50911
50910
59100
59122
50907
59046
50909
50908
50904
50903
59091
50905
57949
57090
61723
55350
61714
61715
61684
61724
61730
57099
57100
57094
57093
57097
57098
58003
53383
60643
60642
60644
60645
60637
60638
59410
60639
51208
51205
51206
56276
51102
51434
51104
51103
51106
51105
51108
51107
51989
51437
51436
51210
51987
51988
54805
54535
54534
56278
60745
54798
52281
55147
52280
52283
52285
54737
54736
54735
54734
54670
54731
54730
54729
54728
55766
55765
61331
61330
55770
55769
55772
55771
54023
61360
61336
61040
61328
61327
61359
61296
51787
61882
55793
59161
50199
50198
50195
50197
50196
50190
59040
61875
59174
59176
59010
57603
60552
59744
52742
52741
59741
59739
52738
52736
52735
58760
52943
52740
52739
57834
57835
57826
59593
57828
57829
57830
57831
57832
57833
59569
53267
61988
59570
58189
58186
59585
60039
60037
59234
59231
59476
59236
59232
59233
53414
53415
53412
53413
50843
50844
50845
50846
50852
58401
55177
55176
55170
55169
55168
55175
55174
55173
55172
53030
53029
53035
53033
53032
53037
53036
54222
60709
51296
51289
51290
51291
51297
51298
50494
50495
50490
50491
50492
50493
50489
56345
60212
56078
56079
58828
58782
60195
56344
56414
60211
57686
57685
57682
57681
57684
57683
57677
57680
53898
53897
53894
58846
53896
53895
58850
56655
56656
56653
56654
56651
56652
56649
60748
60749
54331
51592
55529
54004
54005
53999
54001
54002
54007
54008
53626
53628
53627
53622
53621
53623
53630
53629
99911
99910
99913
99912
99915
99914
99917
52554
52551
99918
52549
52550
52547
52548
52546
61762
61482
52538
52539
53554
53553
53552
53551
53558
53557
54986
53555
54984
54985
54982
53559
54980
54981
54978
54979
54386
54385
54388
54387
54381
54384
54383
54390
54389
50968
50967
58093
58092
50963
50961
60570
51423
59914
58169
59884
59926
56596
58538
55839
61800
58571
58517
61802
61803
56425
61806
61807
58541
58540
55361
55362
55363
57032
57033
57034
55364
57036
57037
57038
57039
57040
55357
55358
55360
51668
51667
51670
51669
51671
51675
54865
57209
51457
51456
51453
51452
51455
51454
51449
51448
51451
51450
54193
54192
54191
54190
54188
54187
54186
54185
54184
55536
55535
55538
55537
55540
55539
55542
55541
55544
55543
50315
54169
50310
50308
50307
50314
50313
50312
61239
56034
56165
52487
61235
61285
61097
56512
56156
56155
56219
50438
56154
50437
56153
50436
52674
50443
52673
50442
60433
50440
60737
60738
50401
56159
56871
56158
60395
56870
60431
59615
58268
56873
56874
58175
58253
58150
58173
61052
57219
57853
57221
57222
57223
57224
57091
57847
59657
57141
57092
59711
59653
59651
59149
59855
50038
56239
56238
56237
56236
56235
56234
56233
56232
56231
56230
50035
53401
53402
53394
53395
53396
53397
53398
53399
50864
52716
52019
52718
52717
52720
52719
54542
54543
54793
54546
54795
53445
52022
52021
54885
55149
55148
55151
55150
55153
55152
55154
61884
61883
61867
61887
61885
61869
61268
61267
61258
61259
61009
61070
61071
53150
53018
53017
59088
53009
53012
53014
53013
53016
53015
51085
51086
51087
51088
51081
51082
51083
51084
51089
51090
61566
56170
51311
51309
51310
51315
51316
51313
51314
51317
51318
61248
60215
60216
56392
60118
58434
56836
60757
60131
60133
58431
58438
56844
56843
57665
57660
57659
57658
57657
57664
57663
57662
53918
53917
53911
53910
53909
53916
53915
53914
53913
58106
58325
57771
58105
58574
58573
54021
54022
54019
54020
54025
54024
58492
55729
55730
55731
55732
55725
55726
55727
55728
55734
53564
59001
53561
53565
53570
53569
99939
99938
99937
99936
99935
99934
99933
99932
99931
99930
51374
59907
61440
61441
61439
51773
61442
54404
54403
54402
54401
54407
54410
54409
50951
50950
50943
58283
50945
50944
50947
50946
50949
50948
56275
52482
56277
59422
59425
59427
59426
59587
56279
59165
59167
59941
59942
59946
59957
59163
59481
59503
59500
59497
61970
61971
61969
61703
61423
58468
58217
54802
54803
61767
54858
61765
61766
54917
61973
57060
57061
57058
57059
57057
57054
52158
57052
57053
54912
61968
61422
51656
51655
51654
51653
51652
51651
51650
51649
51648
50584
50587
54035
50588
50591
50590
50593
52799
52800
52798
52792
53349
53350
53347
53348
53345
53346
55359
53344
55365
55366
53351
53352
51397
51396
51390
51389
51395
51394
51393
51392
54170
51534
54172
59716
53919
54168
54167
53920
54173
50689
51917
50356
55524
55523
55522
55521
55520
55518
55517
55516
58298
55076
53928
50335
50331
50333
50327
50328
51536
61306
53234
50483
61280
61277
61279
61276
61275
50412
51372
60846
53161
56051
56050
56049
60295
56046
56045
56042
58650
60331
58738
58736
58864
58750
58947
58748
59284
60052
60053
59890
60078
60075
60054
61794
61792
56048
53379
57947
53377
53378
53375
53376
53373
57948
59482
51585
60586
53381
53382
60587
61785
53538
53544
54816
52968
60579
60743
51998
54811
54808
57950
54814
54815
54812
54813
60201
60302
52853
59562
50138
60521
60752
60401
58330
56948
51337
51338
51329
50447
51331
51332
51333
51334
51335
51336
56864
56863
56860
56859
56862
56861
56856
56855
56858
56857
57637
57639
57642
57641
57644
57643
57646
57645
58180
58200
58316
53967
59050
53960
53961
53963
53964
53965
53966
53930
53929
53932
53934
53933
53936
53935
53938
53937
99956
53590
53589
53581
53584
53586
53585
53588
53587
99951
61445
61443
61444
61446
57971
54428
54421
54420
54423
54422
54424
54427
54426
52440
52443
52438
52439
52444
52445
51017
51012
55289
55290
53380
56252
56253
56250
56251
56256
56257
56254
56255
56258
51020
53374
51019
59224
59222
58891
58328
59213
59217
59221
58908
59152
58893
58939
58941
58942
58943
58531
58527
58520
58519
58526
59061
55791
51633
51632
51635
51634
51629
51628
51631
51630
51636
50574
50573
54935
50568
50567
50566
50565
50572
50571
50043
52780
52781
52774
52772
52778
52779
52776
52777
55379
51408
55377
55378
51413
55384
55381
55382
51417
51416
55385
55386
53324
53325
53326
53327
52967
54226
54225
54224
54230
54229
54228
54227
54232
54231
55501
55500
55503
55502
55497
55496
58126
55505
58658
51999
51994
51993
58109
56566
60801
58766
58117
55828
55827
55826
55832
55831
55830
55829
55834
55833
56493
56494
56495
56496
56489
56490
56491
56492
56497
56498
61390
56389
55820
61381
61382
57431
57432
57433
57434
57427
57428
57429
57430
57435
57436
50355
50354
61138
61185
61197
56067
56066
56068
56063
60525
60526
56064
61184
56071
56070
59509
50015
60119
51484
61043
59486
59586
54581
53191
52171
54579
52173
52237
52236
52235
52234
52233
52232
52231
52230
52176
52177
52757
52756
52759
52758
54752
54753
52755
54755
54756
54757
52761
52760
54335
54334
59995
50913
59853
54329
59604
59854
52054
52053
61551
61477
52058
52057
59399
59283
61898
59278
61845
61585
59285
59145
59400
61291
55397
60854
60723
57013
57015
57014
57017
57016
57019
57018
57021
57020
56434
56433
56436
56435
56430
56429
56432
56431
56438
56437
56884
56883
56878
56877
56876
56875
56881
56880
56879
50863
50757
58707
54350
54351
54343
54344
54345
54346
54347
58280
51356
51353
51354
51351
51352
51349
51350
51357
51358
53985
53986
53983
53984
53981
53982
53979
53980
53987
53988
60283
56551
61348
61335
56452
60284
56453
58196
53954
53953
51642
50296
50293
50294
50291
50292
50290
50288
52418
52419
52416
52417
52422
52423
52420
52421
52424
57791
57790
59423
57788
57787
57786
61298
57795
57794
56318
56319
58878
56310
56311
56312
53643
61690
56315
56316
56317
59479
53700
59849
59534
59006
59891
59897
58853
58837
59204
59225
58856
58866
58068
58867
58554
58553
58556
58558
58557
58559
58562
58561
53354
51425
51422
53355
53358
53357
51611
53172
51976
51608
51615
51977
51613
51612
51982
51981
51617
51616
53497
52831
52832
52833
52834
50554
50553
52837
52838
52839
52840
50552
50551
50546
50545
50547
51426
51427
55405
51189
51182
51181
51184
51183
51186
51185
51188
51187
54205
54204
54207
54206
54209
54208
54211
54210
55479
55478
55477
55476
55483
55482
55481
55480
55485
55484
50454
50455
57283
56511
59961
56509
56510
56516
56513
56514
56517
56518
56160
57621
50446
57623
57624
57617
57618
57619
57620
56166
57625
50448
53795
50449
53792
57124
50451
50453
60397
57449
57450
57447
57448
57453
57454
57451
57452
50367
50366
50369
57456
50371
50370
50372
60404
60436
60396
60417
60418
60415
60416
60483
60482
56087
52411
56091
56090
52442
59314
59315
57588
61074
60870
53170
54644
58165
52252
52255
52254
52248
52251
53168
52256
59111
54332
53958
61205
60771
61202
53955
61218
52033
52036
52035
52038
52037
54776
52039
54774
54483
54772
54485
54770
54771
54768
54769
60754
57906
57907
57908
61570
57910
57911
58917
58614
58625
61569
61568
61874
61865
61861
61873
61872
61876
61862
61880
61879
52381
57255
57249
57250
57251
57252
58648
57257
58305
58250
61314
58406
57001
57000
56999
56998
56997
56996
56995
56116
60224
60219
60220
60222
56900
60223
56346
56901
56904
56903
58108
54787
58211
58183
58145
61211
59318
59577
59317
59297
59377
59264
60143
59157
59209
61124
61118
61128
61116
59159
59158
50410
50411
50406
51377
51373
50414
50415
51370
51371
61347
54382
61401
61414
61419
61416
51761
51762
51757
51756
55410
51759
51758
55409
51765
51764
56626
56627
56618
56619
56620
56621
56622
56623
56624
56625
52404
52405
52396
52397
52398
52400
52401
52402
52403
51834
57775
57774
57770
57773
57772
57767
57766
56296
56297
56294
57652
56292
61209
60006
61967
60721
58900
58858
58687
58688
58683
59825
51800
56019
51803
51796
51797
51798
61504
51804
51805
56015
56014
56013
56012
54900
54901
54898
51597
51596
54899
53195
53194
51962
51961
51589
53190
51958
51957
53187
53186
51954
53188
56021
56020
52820
52817
52818
52815
52816
52813
52814
52811
52812
53285
53286
53287
58029
53289
55420
55417
53292
53293
55466
55465
59098
55458
55457
55460
55459
55462
55461
55464
55463
51547
51546
57270
57271
61149
53308
55086
61051
55085
53260
51890
56458
53262
56449
53255
56451
51889
60869
51887
53773
53774
53771
53772
53777
53775
53776
60891
60892
60893
60908
60895
60890
57475
57476
57467
57468
57469
57470
57471
57472
57473
57474
60507
56110
60502
56102
60504
56104
56107
58314
60479
50133
61078
61083
61161
61162
61159
61157
61158
61155
61156
51953
60529
52192
52191
52190
52197
52196
52195
52194
52198
60923
60472
60933
60535
60596
54468
60592
54462
54463
54460
54461
54466
54467
54464
60597
58718
58719
60600
59990
58726
51473
53636
61563
58154
53392
55236
55229
55228
55231
55230
55233
55232
55235
56936
58338
58192
57231
57232
57229
57230
57235
57236
57233
57234
55390
57237
58311
58682
58669
58887
58883
61736
61797
61786
58333
58262
59685
60970
51876
56979
59781
56973
56976
56975
56981
59044
59704
56924
56923
56922
58081
56919
58198
58111
52958
52957
52952
52951
52950
52949
52956
52955
52954
52953
59042
51010
58065
51008
51004
54306
54307
54308
54309
54302
54304
54305
61219
61143
52535
61106
61108
50435
50433
50431
50429
50426
50427
60297
51919
50999
55653
55654
55650
55651
55652
55645
55646
55647
55648
56365
58339
56367
52219
54247
56368
56369
60476
60477
60480
60473
51793
51839
60982
60988
60992
60984
60986
60991
60983
60985
60989
59141
51041
51042
51043
51418
57755
55301
57749
51045
57753
57752
57751
57750
51048
58788
51006
58785
58690
58689
58685
58008
58590
58411
51818
51819
51816
51817
53760
53759
51821
53756
53755
51824
51825
53754
53753
54929
52135
52136
54930
54933
54932
52132
52133
54937
54936
52138
52384
52385
51942
53215
53214
53208
53207
53206
53211
51973
51471
51470
51469
51468
51475
55446
51472
55441
55443
51476
53268
59837
61966
59026
51261
60708
60707
58613
52765
57161
52768
52769
50515
50514
50507
50506
50508
50513
50512
51217
51216
51215
50621
51213
51212
51211
50622
51220
51219
56476
59622
56474
58053
56472
58054
56470
58056
53838
53839
53832
53835
53836
53837
60905
55809
60897
60902
60900
60913
60914
60916
60915
57493
57494
57491
57492
57489
57490
57487
57488
59488
57495
57496
59487
58665
58663
59930
58909
54123
54122
54121
54120
54119
54118
54117
59929
54125
54124
59931
53228
52217
52209
52210
52213
52212
52214
55881
55880
55879
55878
55877
59084
55875
55874
55883
55882
51619
53461
54557
53454
53455
53452
52078
52077
54520
54521
54522
54523
54524
54525
54526
54527
52081
61597
55685
52771
61391
61392
55387
59248
59012
59875
59874
58924
53276
61852
61758
61811
61789
60105
53297
60648
60268
52836
60649
60650
58615
56983
56954
58616
56960
56959
56958
56957
56962
56961
59721
53301
57725
57724
57717
57719
57718
57721
57720
57723
57722
51029
51030
51023
51024
51021
51022
51027
51028
51026
58729
54324
54325
54322
59226
54326
54327
51938
61133
61134
61135
61092
61103
51935
61105
61125
51906
60935
60936
60948
54749
60964
60931
60928
60889
54724
53299
54039
54040
54041
54042
54043
54044
54045
54046
54047
54048
58090
58088
58089
61302
51728
51727
51726
60717
55673
55674
55667
55668
55665
55666
55671
55672
55669
55670
51480
61494
61496
61493
61491
61492
59991
61499
61498
58010
58011
53805
58809
56587
56588
56583
56584
56585
56586
56579
56580
56581
56582
51703
59583
60995
50478
59581
51704
59580
60999
57727
57726
61305
57728
57730
61311
56330
52372
52373
52369
52366
52375
51844
51845
53801
51836
51837
51838
53804
51842
51843
52152
58611
52150
59560
52156
58172
52154
52155
54915
54914
54913
52159
54911
54910
54909
54908
51409
53808
53807
51411
53227
51916
51410
53231
55077
53233
53232
55072
55073
55074
55075
55068
55069
55070
51412
51415
51414
53328
58740
53329
53330
58742
57868
57869
58744
56821
56822
56819
56817
56818
56815
56816
59193
56823
56824
50598
50601
50600
50595
51199
50596
51195
51198
51197
50603
50602
51194
51193
51347
58044
59299
51341
50457
56606
52042
52350
50459
58114
50458
58112
58233
56176
57515
57516
57511
57512
57513
57514
57507
59798
57509
57510
60420
56600
55499
56604
56421
56422
56419
56888
54106
54105
54102
54101
54104
54103
54098
58455
54100
54099
53817
53818
53815
53816
53813
53814
53811
53812
56424
53819
55863
55862
55860
55859
55861
55932
55858
54506
54504
54505
54502
54503
54500
54501
54498
54499
61621
61622
61613
61617
61620
61619
61612
61573
58244
61599
61938
56018
59901
56016
61944
53258
61978
61945
61977
61976
52592
52591
52590
52589
52588
52587
52585
52594
52593
57274
57275
57272
57273
60874
50475
57269
53305
60871
60872
60873
60847
53304
57276
52835
59124
59860
61937
61752
58026
60103
60104
61922
59263
60790
52387
58263
59682
56935
59689
59688
59680
58591
59683
55973
50733
50735
50737
50738
50739
50740
50742
52918
52917
52916
52915
52914
52913
52912
52911
52910
52909
55304
55303
61548
51044
55300
55299
55298
55297
51049
51050
55306
55305
54263
54264
54265
54266
54267
54268
54269
54270
54271
54272
61119
50589
61130
61127
61131
61129
61122
61101
61111
53086
53085
53084
53083
53082
53081
53080
53078
53077
58620
58282
52005
51474
59903
55686
55687
55688
55689
55690
55691
55692
55693
55694
61393
61394
61396
61353
53212
51686
58680
55214
51688
51691
60271
59372
60277
60154
60155
61784
60276
51693
51588
60435
60434
60384
60383
56599
61956
60429
56605
58592
56603
54003
59856
61011
50990
61028
61029
52114
51593
52354
52355
52351
52352
52353
52346
52347
52348
52349
61972
51862
51863
51861
51858
52806
51856
51857
52113
51864
51865
54893
54892
54895
54894
54891
54890
54897
54896
52099
52110
52092
58621
55056
55057
53254
53253
55050
55051
53250
55049
55054
55055
55052
55053
59992
59988
59987
50873
50880
53973
51712
50352
50350
50349
55192
50347
56803
56804
56799
56800
56801
56802
56795
56796
56797
56798
57278
57280
59067
57282
57281
51259
57284
50662
50661
50660
50659
50658
50657
50656
51256
51255
50653
51897
51896
55048
51898
57545
57546
57541
53248
57543
57544
57537
57538
57539
57540
53246
58095
58094
58596
58128
55313
60540
60530
56062
60826
60939
57967
60941
60945
60944
54087
54086
60344
54081
54080
58456
60946
54085
54084
54083
54082
55634
55633
55632
55631
55626
55625
55628
55627
56095
52733
61247
55922
55917
55916
55920
55919
55918
52561
52560
52559
52558
52557
52556
52555
56001
56000
55997
55996
55999
55998
55993
55992
55995
55994
59327
59329
59331
59332
59326
52613
59323
59325
52610
52609
52612
59335
52605
52607
59093
58847
58885
58884
58849
58664
59144
58854
58521
58861
60158
60159
61986
61987
60110
58052
60789
59894
58061
59631
59629
59628
59627
58337
58336
58334
58332
58450
57411
58174
53508
53509
53502
53503
53504
53505
53510
53511
52934
52933
52936
52930
52929
52932
52931
55792
50756
50753
50754
50759
50760
50758
55326
55325
51069
51070
51067
55321
51065
55323
55318
55317
55320
55319
54291
54292
54289
54290
54287
54288
54285
54283
54284
53102
55130
53097
53100
51521
55131
55128
55713
55714
55711
55712
55710
55707
55708
55705
55706
51519
51518
55134
60251
60250
55135
61186
56370
52947
57354
57353
57352
57351
57350
57349
57348
57347
57356
57355
56539
56540
56541
56542
56543
56544
60370
60372
56547
60371
50992
61014
56029
55934
60996
57873
58767
61018
51034
54518
51032
58524
58765
60020
60022
60025
60024
60023
59935
51037
52335
52336
52330
52328
52331
52332
51039
53697
53696
53695
53694
53693
53692
51879
54639
54870
54641
52115
52112
54642
54645
52111
54647
54646
54877
54876
52118
52119
61583
61582
61660
55425
61567
54436
61659
61658
61666
55108
55109
55110
55111
55112
55113
55115
55116
55117
54750
54751
54754
52754
59162
59168
59166
59171
59170
59676
55724
52062
52061
51252
51251
59846
51785
51250
54330
51779
51778
51777
51776
51780
56783
56784
50654
59339
56778
56775
55208
56781
59841
56779
56780
52060
52059
61902
59306
56529
56530
56531
56532
56533
56534
56535
56536
56537
56538
57565
57566
57559
57560
57563
57564
57562
58967
58966
60763
51015
59003
51231
51523
51233
51235
53064
51237
51236
51239
51238
53065
53066
51018
51527
51526
54060
54059
54062
54061
54064
54063
54066
54065
54068
54067
59851
53340
53858
50024
53850
53851
53857
53339
55895
60718
61251
61250
55899
55898
55901
55900
58604
58144
58563
52032
61519
59558
50236
51595
61953
53532
53336
51930
53335
53007
55982
55981
55976
55975
55974
55980
55979
55978
55977
58662
53244
59406
58808
58772
53318
59390
58774
52628
53568
52625
52632
52631
52629
57315
57316
57309
57310
57307
57308
57313
57314
57311
57312
60167
60111
58099
51063
60389
58599
58529
58600
58586
59671
58587
59633
59636
59634
59637
59635
59641
59642
58609
53525
58610
53523
53528
53529
53526
53527
53003
53530
54435
54437
58988
54438
54439
52873
52872
52871
52870
52877
52876
52875
53004
50697
50698
52879
52878
50693
50694
50695
61787
61759
61781
55267
55266
55261
55260
55259
55258
55265
55264
55263
55262
53180
51970
53182
53120
53119
53118
58191
53124
53123
59531
53121
51965
53126
53125
59776
51963
51590
52458
60714
58085
58086
60802
58079
60803
60800
56938
60336
60294
60335
60332
52786
52787
60359
60387
60375
60298
60306
60300
60299
56560
52783
60867
61553
60239
99955
99954
99957
52308
52309
52310
52311
54659
54660
54661
52316
52317
51330
54667
99950
99953
99952
58459
53672
53674
53673
53680
50855
54856
54627
54626
54625
54848
54851
54622
54621
54852
54855
54618
54406
61629
61614
61031
58624
61647
55096
55094
55095
55092
55093
55090
55091
55088
50121
50122
50123
50124
50126
50128
53342
53341
59254
55372
52845
55371
51176
55368
55367
59774
51171
60784
51172
57176
57175
57174
60774
57172
57171
59777
57178
56755
56756
56757
56758
56759
56760
56761
56762
56763
56764
50067
59304
60315
60316
58369
58371
58370
58368
56459
58473
59823
58445
58444
60424
60812
60810
60806
60804
58390
58386
58388
57577
57579
57580
57581
57582
57583
57584
57585
58289
59070
59068
54201
53353
59060
50925
58989
54195
56182
61233
61225
59528
61164
61167
61180
61165
58898
61177
61232
51507
56186
59396
51503
51502
51505
59492
51499
51498
51501
51500
61643
53390
54828
53388
61361
61294
59796
53359
59538
50260
50259
50258
50265
50264
50263
55955
55954
55957
55956
55958
55959
55962
55961
59392
59391
58822
58817
60866
59341
60861
59402
50972
60793
50976
58982
58927
59177
59110
59119
59178
60209
60208
58940
59104
58623
58622
58286
58281
58274
58270
58264
59408
55037
55036
55031
55030
55029
55028
55035
53467
55033
53469
52646
52652
52651
52654
52653
52898
52897
52890
52896
52895
61501
55283
55282
55285
55284
55287
55286
56212
53145
52020
53137
53140
53139
53142
53141
53144
50720
50717
50718
50715
50716
50713
50721
50722
51155
51156
51157
51158
51151
51152
51153
51154
51159
51160
52018
53162
52017
58798
55201
52016
58811
59000
61764
60506
58812
60561
58465
60559
60560
60320
57930
57931
57932
59405
57926
60569
51702
58703
52015
58678
57396
57395
53165
57390
51851
57388
53164
57394
57393
57392
53690
51852
61050
61049
57650
61057
61058
61059
61048
58953
52887
56963
54633
56964
54883
54680
54681
54678
54679
54684
54685
54682
52297
52294
54686
54687
52290
52291
52288
52289
55799
55800
55801
55802
55797
55803
53734
53733
53731
53738
53737
53736
53735
53740
53739
54603
54602
54604
54599
54598
54601
54600
54607
57815
57814
61681
61430
57809
57811
57810
57813
57812
50109
50103
50101
50106
50107
50104
50105
52089
61190
59661
59258
59687
57381
52614
59324
57198
50341
57194
57195
57190
57189
57192
56145
56146
56147
56148
61427
60087
56143
56144
50336
56149
56150
50337
50338
56743
56744
56741
56742
59121
56740
56737
56738
56735
56736
59911
53663
58084
59913
59912
58477
58290
59881
58408
58458
58407
58271
57605
57606
57599
57600
57597
57598
58863
59081
58860
51745
51744
51743
51742
51741
59143
51737
51736
51274
51273
51276
51275
61200
61204
51272
60880
61196
61195
61199
51278
51277
59139
60879
51566
60819
60817
60823
60821
50678
51560
50680
51558
51565
50673
51563
50675
57978
60412
57977
60411
57976
60414
57975
60413
57982
60962
60951
55574
55573
55572
55571
55570
55569
55568
55567
55566
55565
60929
60930
58194
60955
60954
60953
60952
60957
60956
55938
55941
55940
55935
61552
55936
61543
61542
61538
59786
55942
55605
59673
57426
51234
56716
56718
56717
56720
56719
56722
56721
56724
56723
57012
52851
58307
50242
50245
50244
50241
50240
50246
61832
61894
61851
61895
61850
61849
61859
61863
61857
61858
52134
52859
58845
58886
58787
58806
58851
59029
59027
58852
58037
53660
53651
53653
53654
53655
53656
53657
53488
53486
53487
53484
53485
53482
53483
53490
53491
60733
60734
60735
60730
60731
55100
55101
52672
52671
52670
52669
52668
52667
52666
52665
60601
51134
51137
51138
51135
51136
51140
50761
51731
57129
57128
57122
57127
57126
57125
56342
57804
52938
52937
57953
57954
61982
60588
60924
60918
57945
57946
57951
57952
60942
50970
57368
57370
57369
57372
57371
57374
57373
57376
57375
54235
54236
54233
54234
54239
54240
54237
54238
54241
54242
50377
50378
50379
50380
50381
50383
50384
50385
54706
54707
54698
54699
54700
54701
54702
54703
54704
55817
55818
61389
55816
55821
55822
55819
51068
61383
61384
55823
55824
61387
61388
61385
61386
53720
53719
51066
53712
53711
53714
53713
53715
53718
53717
52170
54580
52172
54578
54585
54584
54583
54582
54587
54586
61632
61634
61636
61637
61639
61638
61641
61640
52029
52030
59525
52027
52028
50169
50165
50166
50167
50160
50162
50163
52023
52024
59933
56136
56137
56138
56131
56132
56133
56134
56139
56140
52712
52705
52706
52707
52708
52713
52714
58412
58983
58743
61489
59008
59766
59763
59646
59758
61039
59762
59760
58313
57138
57131
57130
57136
51380
56162
56163
59561
59557
60056
56164
59971
60768
61908
61907
61558
59434
60758
56313
53101
56314
50802
50801
50796
50795
50794
50793
50800
50799
50798
50797
59617
60035
59505
58570
55222
55223
51763
55225
55218
55219
55220
55221
55226
55227
50375
55747
52948
51539
51538
51541
58605
51543
51542
51545
59740
50467
61100
53006
52999
53000
53002
58363
58384
58364
55550
55549
55552
55551
55546
55545
55548
55547
55554
54638
59227
59208
56191
56190
60191
60190
56366
60192
60187
60185
60189
60188
60171
60169
56705
56704
56703
56702
56701
56700
56699
56698
56697
56696
58158
61909
61810
52123
61912
61749
61911
53163
61669
52484
52483
52481
52478
52477
52476
54997
54996
54995
54994
54993
54990
54989
54988
59018
59032
59019
59034
60809
60808
59028
60974
59033
59017
60562
61732
61731
58779
61735
59439
51508
50086
53173
51510
51610
51511
53171
51975
50087
51978
51614
59767
58374
59043
59494
51980
59591
59493
51979
59616
59605
55136
51119
51120
55137
51111
51112
51113
51115
51117
51118
60940
57966
60943
57968
57969
60343
60947
57972
57973
57974
50243
60938
60467
60469
60589
60551
52728
59150
60465
60466
60463
50550
58588
54725
54722
54723
54720
54721
54718
54719
54726
54727
55763
55764
55755
55756
55757
55758
55759
55760
55761
55762
54567
54566
54559
59765
54561
54560
54563
54562
54565
54564
58321
54830
50146
51190
59844
54831
50142
50140
55406
52676
52675
54835
60770
55399
52687
52688
52685
52686
52692
55401
52693
52694
55402
57150
57882
57152
57151
57154
55403
57156
57155
57158
59743
60775
59745
60782
50013
59778
59773
61680
56188
56189
56180
56181
59822
56183
56184
56185
53912
56187
59962
60181
59959
59214
59202
59200
59155
59198
59218
60386
61853
60385
50821
61304
50820
50819
50813
50816
50815
60373
51699
51698
51697
51696
55204
55205
51701
51700
51705
55207
61163
61170
61178
61179
61188
58929
53942
59429
59430
50914
52988
61284
52979
52980
52985
52986
52983
52984
59506
58359
58360
54145
54144
54143
54142
55608
55607
55606
61712
55612
55611
55610
55609
59555
55614
55613
59606
57805
56343
57803
57802
58903
58902
57806
59898
57691
57692
57693
57694
57687
57689
57690
57695
57696
53864
53865
53866
53860
53861
53862
53863
53868
56681
56680
56683
56682
56677
56676
56679
56678
52441
56685
56684
54874
60979
59296
59316
50201
50200
56125
50204
50203
50206
50205
50208
50207
61931
61809
59373
61943
61574
61926
61939
53432
61826
61949
53433
53434
50828
53620
53615
53616
53617
53612
53613
53614
52501
52500
52503
52502
52499
52505
52504
99948
99949
99946
99947
99944
99945
99942
99943
99940
99941
55013
55012
55014
55009
55008
55011
55010
55017
55016
53059
59420
54361
54357
54358
54359
54352
54353
54355
59051
60857
59052
59054
59059
59057
59055
59053
50912
59063
50915
50916
50917
50918
60858
55340
55339
55338
55337
55342
61720
61719
61711
61710
61709
50778
50777
53848
58797
50780
50773
50774
58701
58702
50781
50782
58636
58637
54336
51360
57089
57088
57087
57086
57085
57084
57083
57082
51361
51363
60604
60603
59007
52730
60606
60607
57994
57991
61834
60577
57990
57987
50779
57985
57986
58799
57408
57407
57410
57409
58597
57415
50775
52869
52868
52865
52864
52867
50776
52861
52862
51097
51098
51095
51096
51094
51440
51441
51446
55195
51099
50679
55194
51822
55191
51881
55190
51882
51877
51878
53691
54871
52117
54869
54640
54746
54747
54742
54643
54744
54745
54738
54739
54740
54741
55781
55782
55779
55780
55777
54873
61254
59845
61325
56475
61344
61338
61329
61323
61337
61685
59632
61679
61693
56837
55964
56765
55965
59431
60495
58595
60547
60275
52623
54847
54846
59733
59734
59681
60887
54839
52746
54845
54844
54843
54842
57904
57903
54849
58961
58959
51139
60029
60026
60038
60036
60034
60032
60033
50374
60027
60028
52524
59257
59238
59241
59239
59237
59242
59240
57455
53429
53428
50838
50368
53425
50835
53423
52105
58451
58372
53431
53430
52383
55186
55187
51717
55179
55180
51721
55183
55184
51722
53038
51582
53040
51584
53042
53043
51581
51580
53046
53047
51586
56085
56084
54854
56083
52378
56082
59566
56088
59128
56086
55593
55586
55585
55588
55587
55590
55589
55592
55591
50011
57993
60612
57992
57989
57988
50481
50479
59471
56408
60214
60213
60150
60149
56403
56404
59810
56406
59189
57670
57673
56152
57672
57675
57676
53882
53883
53887
53888
56660
56659
56658
56151
56664
56663
56662
56661
56666
56665
50014
59286
55433
55431
60207
56041
61962
61961
56036
56039
56038
60206
52866
53639
53640
53634
53261
53637
53638
53635
52519
51442
52517
52516
52523
52522
52521
51443
52525
51444
53005
50978
51445
53008
51439
54951
54950
54949
54948
53545
51091
53547
53548
53549
53550
54957
50895
50893
50894
50899
50900
50897
50898
54373
54374
54371
53247
54377
54378
54375
51447
59076
53122
58133
59140
59190
59079
59191
60348
53257
61903
51781
61705
61704
58549
58550
61778
61777
61782
61772
61776
58551
58552
57106
57105
57108
51784
57102
57101
57104
57103
57110
57109
60345
52885
52886
51682
51683
51680
51681
51678
51679
51676
51677
54558
51684
51685
56944
60636
56939
60611
60609
60610
60634
60635
60632
60633
51460
51458
51464
51462
51463
51466
51467
54182
54183
54179
54180
54175
54176
55531
50025
50026
56776
55527
55528
50022
55526
55533
55534
61365
61366
61367
61368
61321
61363
61364
61369
61370
60959
60958
55253
55254
60961
60960
52266
52267
52258
52259
52260
52261
52262
52265
60963
54486
54487
54777
56339
54482
56338
56337
52041
54484
58706
54773
52229
52782
59707
53531
60728
59706
59660
52228
60726
60727
57845
57844
54743
50594
57838
57837
57836
57843
57841
57840
57905
56228
56229
50714
56224
56225
56226
56227
56220
56221
56222
56223
50182
50180
50181
50186
50184
53391
57909
50188
58913
58915
54540
54872
53302
55778
50862
50861
53411
55775
50854
53407
53409
55776
53404
53403
53406
53405
52007
52732
52003
52004
52006
52011
52012
59621
55164
55165
55162
59549
55783
55784
55166
55167
54748
53026
53027
53024
53025
53022
53023
53343
53021
53019
59702
51306
51305
51304
51303
51302
51301
51300
51299
51308
51307
56849
56850
56851
56852
60145
60142
56847
56848
56853
56854
60134
60137
57655
57656
57647
57648
57649
57651
57654
53907
53908
53899
53901
53902
53903
53904
53905
53906
56647
56028
58073
56639
56638
56641
56602
56642
56645
56644
52600
56022
53802
56023
54016
54015
54014
54013
54012
54011
54009
54018
54017
53572
53573
53574
53575
53576
53577
53578
53579
53580
53803
99902
99903
99901
99906
99907
99904
99905
99908
99909
50220
53806
54882
61453
50535
58593
54977
54976
54969
54968
54971
54974
54391
54392
54393
54394
54397
54398
54399
54400
50956
50957
50958
50952
50953
50954
50955
50959
50960
50655
51232
50634
50637
51522
53063
51520
53061
53062
59924
59918
59916
50642
53202
50016
51952
51606
51607
50635
58487
58402
58491
58515
61727
61761
61676
61675
58511
60785
55145
61438
61437
53205
59715
57042
57049
57048
57051
51946
53923
51665
51666
51662
51663
58284
51658
51659
51660
51661
50636
53924
57220
50639
51406
51407
51398
51399
51400
51401
51402
51403
51404
50638
53922
54158
54155
58166
54159
54160
55514
55515
61033
55506
55507
55508
50640
50305
50297
50298
50299
50300
50301
50302
50303
50304
50417
61252
59984
61274
50643
57225
57226
54841
54840
52745
57344
56060
56061
56056
56057
56058
56059
56052
56053
56054
56055
54987
59664
59803
58322
60859
57857
57856
57859
57858
57861
57860
57863
58737
57865
52382
58652
51477
58629
58647
58261
60074
60073
55291
60097
60079
60060
60058
60057
56206
56207
56204
56205
56202
56203
50187
50185
53386
53385
56201
53389
53892
51985
51983
51984
54537
54536
54807
54806
54533
54532
51991
51992
54529
54528
54799
54530
56896
60419
56895
56898
61868
56897
56208
61877
61864
61860
56209
61881
61866
61878
56899
51894
56902
59750
59951
59982
59895
59892
59896
59893
51674
51672
51720
51673
61263
61264
51719
61262
61265
61266
55897
55896
56044
54440
55902
53249
51893
51078
51077
51076
51075
51074
51073
51072
51071
51080
51079
61974
55937
50445
51328
51327
51324
51323
51326
51325
51320
51319
51321
56867
56868
56865
56866
58381
56872
56869
54694
54666
58343
58226
58430
58437
57633
57634
57631
57632
57629
57630
57627
57628
50031
50030
50036
57635
57636
58955
57862
50840
55081
53426
54038
58474
54033
54036
53422
54030
54029
54032
54031
55742
55741
55740
55739
53921
55737
55736
55735
55744
55743
53599
53600
53597
53598
53595
53596
53593
53594
53592
56391
50841
99928
99929
53687
58032
54826
53264
59923
99920
99921
99922
99923
99924
99925
99926
99927
56390
54418
54419
54416
54417
54414
54415
54413
54411
50940
50941
50938
50939
50936
50937
50934
50932
56394
55133
60001
56266
56265
56264
59419
59863
56261
56260
56396
60422
59201
59199
59087
59513
59118
53515
59502
55427
59950
60937
56395
52431
58579
58532
58578
58533
58513
55815
57071
57070
57062
61487
57069
57068
51646
51647
51640
51638
51644
51645
60932
50407
50580
50578
50579
58023
50577
50575
50576
50583
52810
52809
52807
52804
52803
52802
52801
59705
55353
55352
55351
51420
51421
53360
51419
53362
53361
55356
55355
55178
54214
54215
54216
54217
54218
54219
54220
54221
57999
54223
51723
51872
55185
51871
53783
55494
55495
55488
55486
55487
55493
55490
55491
59736
53831
52101
55835
55836
55838
55841
55842
55843
55844
61310
61316
61318
61319
61313
54867
52109
52108
59047
54862
54863
54608
54861
58463
50319
50320
60725
61657
50323
50322
58462
50325
50871
54809
59030
51583
60528
56081
53039
56074
60533
56072
59099
60527
60537
56077
53104
53041
59038
58727
54442
51578
58981
58976
53044
58771
59320
53045
58973
58980
58972
55118
55124
58773
50557
52626
55126
58794
56650
58810
53364
53363
53366
53365
53368
53367
58416
53372
53371
50360
54822
54824
54819
54818
54821
50218
50359
52051
60663
56567
60702
60661
59843
60703
52764
59102
52762
52763
52047
52048
52766
52767
59215
58920
58914
58912
60500
60314
58910
57028
57029
57026
57027
57024
57025
57022
57023
60305
57030
57031
57996
60494
57995
57998
57997
50465
50464
51342
58000
51340
51339
51346
51345
51344
51343
56893
56894
56427
56428
58002
56885
56886
56887
58001
56889
56890
56423
56892
58419
58272
55060
58113
58131
59770
58510
53151
58202
53153
53147
53148
53149
57542
53154
53978
53977
56481
52340
53972
53971
53970
61269
53975
53974
52080
50052
53943
53944
53945
53946
53939
53940
53941
51435
51433
50286
50285
51432
50278
50277
50280
50279
50282
50281
50284
50283
51429
51428
55738
52453
52452
52451
52450
52449
52448
52447
52446
52455
52454
57796
57797
56249
56248
56245
56244
56247
56246
56241
56240
56243
56242
59484
59496
59518
59229
53931
59483
59495
59852
59868
58872
58880
58881
58879
59883
58868
58839
58836
58568
58569
58566
58567
58564
58565
59058
58518
59056
57980
50702
51969
53181
51620
53183
51622
51623
51624
51625
51626
51627
52874
53184
53185
51971
51972
57979
53400
50699
50563
50564
52788
50700
52784
56272
50555
50556
50558
50561
50562
55376
55375
51179
51180
51177
51178
53338
55373
51173
51174
55370
55369
56399
56400
56401
58657
54202
54203
54200
56268
54196
54197
54194
56267
55467
55468
55469
55470
55471
56270
55473
55474
55475
56269
50048
50049
50046
50047
50044
50045
50040
57674
54796
56486
56485
56484
56483
56482
56480
56479
56488
56487
57444
57443
50342
57441
57440
57439
57438
57437
57626
57446
57445
56092
56093
56094
56295
56096
60409
56098
56099
56100
56101
58482
61095
61126
60720
61044
61042
56291
61088
56657
54474
58058
56526
56299
56525
54732
58628
52246
52247
52240
52241
52238
52239
52244
56528
52242
56527
55768
55767
54761
54760
54759
54758
54765
54764
54763
54762
54767
54766
61244
58919
55774
58921
58501
58668
58834
58835
55773
58831
60791
61561
59129
61900
59279
58619
61890
61889
61892
61891
61237
58380
58376
59491
59501
59499
59713
57213
57010
57011
57006
57008
57009
57002
57003
57004
57005
58342
58949
56911
56910
59418
60197
56905
56906
60236
60233
56913
58440
61171
58241
58242
58245
58243
58246
58230
58072
54340
56037
54333
54339
54338
54337
61960
50403
51359
51362
50400
51364
61959
51366
50396
51368
51367
50405
58950
53989
53992
53991
53994
53993
53996
53995
53998
53997
53757
61341
61342
61349
61346
58436
52427
57778
57776
57777
57782
57783
57784
57785
51490
51491
56309
56308
56302
56301
56300
56307
61906
61503
51495
59831
59819
58889
58888
59838
59784
59847
59243
58755
58756
57263
54864
57262
57261
53054
57260
51960
54652
51959
53050
53193
53192
59103
51955
53189
51594
53198
53199
53196
53197
51951
53203
53200
53201
55143
55142
53204
51603
55139
55138
55141
55140
58865
52844
52843
52842
52848
52847
52846
52518
54934
52850
52849
53319
53321
53320
53315
53314
53317
53323
53322
55396
55395
61073
55389
55388
52520
55394
55393
55392
55391
61260
55456
55453
55454
55451
55452
55449
55450
55447
55448
50537
50542
50539
50540
50543
50544
56097
55423
56508
56507
55424
56504
56503
56506
56505
56500
56499
56502
56501
57614
57613
57612
57611
57610
57609
57608
57607
55419
57615
53788
53787
53786
53784
53291
55418
53543
53790
53789
59607
52586
54955
53546
54952
57466
57465
50364
59312
57461
57464
57463
57458
57457
57460
57459
59742
56119
56120
56118
56388
59932
56114
56115
56112
60492
61085
61084
61153
61082
61081
50321
61152
61151
55080
58978
58975
58974
52182
52183
52184
52185
52186
52187
52188
52189
58728
61554
54480
61421
61555
61540
61420
52102
52094
56211
56210
56213
54380
54786
56217
54273
54778
54475
54780
54473
54785
54470
50094
61510
58490
56218
58918
58235
58733
61571
58960
61575
50902
55246
59620
55245
55243
55240
55241
54376
56563
59077
58116
56562
56929
58043
56931
58548
58932
58931
57264
58930
58935
59592
58933
58937
58938
57268
57267
61846
61844
61838
61586
59146
61847
50901
61837
59692
59696
59695
59697
59698
59693
56990
56991
56985
56986
56982
56984
58977
57123
56933
56934
60885
51225
60894
60886
56932
56925
56926
56927
56928
58722
50058
52959
52960
52961
50056
52963
52964
52965
52966
50055
50054
50051
50050
59328
59330
50053
59336
59338
57894
59337
59333
59334
59206
59207
59160
59192
61091
61089
50425
50424
51386
51385
50416
51383
51382
51381
58428
51378
50848
50849
50850
61027
50981
50875
61281
53436
54662
54663
54664
55421
59127
55422
56637
56636
56631
56630
56629
56628
56635
56634
56633
56632
52415
52414
52409
52407
52406
52413
52412
52410
57764
57765
58800
57756
57757
57758
57759
57760
57761
57762
57763
61990
56280
56283
56282
58483
59536
51948
59572
59575
58015
58681
58763
58777
58987
58691
58013
59101
58764
59573
55509
59571
53743
53744
58997
53747
53745
51786
51795
51794
54945
54942
54939
57852
51535
53216
53217
53218
53219
53221
51928
52830
52829
52821
52824
52826
52825
52828
53298
55407
53296
51483
55412
55411
55414
55413
51486
51487
50419
50418
50422
58547
54037
50520
50516
58543
58544
51226
51227
51228
58327
58546
51229
51947
58047
58048
58045
58046
58379
58051
56448
56447
52464
56442
56441
56440
56439
56446
56445
56444
56443
52462
52463
54623
58890
52461
53770
53769
54853
53768
53767
53762
53761
53764
54620
60907
60899
60901
52456
60910
60922
52457
54775
57893
57486
57485
57480
57479
57478
57477
57484
57483
57482
57481
61176
54130
54131
54132
54133
54126
54127
54128
54129
51944
57107
51945
60795
52206
52207
52204
52205
52202
57319
52201
52199
52200
50001
55869
55870
55871
55864
55866
55867
55872
55873
54455
54454
54457
54456
54451
54450
54453
54452
54459
54458
52065
58661
52087
52069
52067
52068
61452
53384
61595
59809
58617
51254
56372
56111
57248
57247
57244
57243
57246
57245
57240
57239
57242
57241
60760
60767
60766
60759
52485
61799
58693
61798
61737
60030
60031
60647
60260
58645
58649
59675
56966
56967
56968
59678
56970
56971
56972
59690
61436
56105
56106
56109
56108
56371
56142
57714
57715
57712
57713
57710
57711
57708
57709
57706
57707
50865
50997
50995
58815
54301
54300
54299
54298
54297
54296
54295
54548
58049
54293
61121
61096
61112
61090
61104
61114
61093
58181
58195
58161
58160
58210
58209
59085
56197
51725
59086
56782
50085
55664
55663
55662
55661
55660
55659
55658
55657
55656
55655
50920
61288
61497
50628
50627
50626
50624
50614
50921
57173
53312
60380
60376
60405
60407
60406
60437
60462
54174
61002
61003
61000
61001
60990
60987
55041
55045
54447
58504
54444
52638
58805
58804
54441
58793
58801
58786
58803
51815
51814
51811
51810
51813
51812
51807
51806
51809
51808
58448
52386
52389
52388
54926
54927
52393
52120
52395
52394
54924
54925
54919
54920
54921
53241
53242
53239
53240
53237
53238
53235
53236
53243
56418
53284
53283
55530
53280
53279
53282
50021
55525
56412
56411
55270
56410
55271
56409
58627
56415
50060
50061
50063
50064
50069
56413
50504
50505
50503
50500
50501
50499
50496
51203
51204
51202
51207
50629
50630
50631
50632
50633
51209
50919
56462
56464
56465
53830
53829
53824
53823
53822
53828
58167
53825
57667
57498
57497
57500
57499
57501
57504
57503
57506
57505
56281
54469
58481
54109
54110
54107
54108
54113
54114
54111
54112
54115
54116
56103
54465
56640
55847
55848
55845
55846
55852
55850
55853
55854
60882
53449
53448
54511
54510
54509
54508
54515
54514
54512
54517
54516
58751
58730
61609
54471
54429
61610
58697
56006
56007
56008
56009
56002
61975
56004
56005
56010
56011
52579
52580
52581
52582
52575
52576
52577
52578
52583
52584
60842
60973
52552
59295
58349
52553
59311
57306
57305
57304
56003
60108
60107
60106
61793
61795
60102
61550
61790
61791
56914
60773
60772
58716
58717
58329
56951
56952
56949
56950
56947
58331
60798
56946
60799
59599
50746
50745
50748
50747
58758
50752
50751
52927
52928
52924
52925
52926
52919
52920
51016
55292
55293
55294
55288
51011
51014
51013
53746
55295
55296
54317
54316
54319
54318
54313
54312
54315
54314
54321
54320
51548
58335
61198
53075
53076
53072
53073
53074
53067
53068
53069
53070
58432
54705
60888
58433
58345
58442
57970
54052
54051
54050
54049
54056
54055
54058
54057
55680
55679
55682
55681
55676
55675
55678
55677
55684
55683
61215
50023
51551
58911
51552
60252
58020
58018
58017
60840
60247
51553
61182
51724
51555
60400
56597
60403
56595
56594
56593
56592
56591
56590
56589
55398
50477
50423
50471
50476
60681
59684
50421
50469
56325
56324
56327
56326
56321
56320
56323
56322
56329
56328
52356
52358
52361
52360
52363
52362
52365
52364
51506
51835
51504
51829
51828
51827
51833
51832
51831
51830
54906
54907
52149
52148
52145
52144
52147
52146
54904
54905
54902
54903
53263
55087
51895
51892
55084
55083
55082
51888
53256
55079
55078
60574
60198
99916
55559
99919
60292
60572
56826
56825
56828
56827
56830
56829
56832
56831
56834
56833
60290
51269
52025
50607
50604
51263
50610
51265
51266
51267
58417
55408
51479
56980
51875
56974
51485
55416
55415
58136
53556
57526
57525
57524
57523
57522
57521
57520
57519
57518
57517
58705
54445
53560
61516
59659
54095
54096
55322
54088
54089
54090
54091
54092
54093
54094
55637
55638
55635
55636
55641
55642
55639
55640
61246
53809
55643
55644
57839
55324
55904
55905
55906
55907
55908
55909
55911
54497
54496
54489
54488
54491
54490
54493
54492
54495
54494
60368
61645
61628
52751
53699
61099
61624
61625
61623
61618
52569
52570
52571
52572
52565
52566
52567
52568
58317
60358
51061
60351
60269
55383
58080
55988
55989
55986
55987
55991
52597
52598
52595
52596
52601
52602
52599
59069
59071
59065
57279
59078
58673
59074
59075
59701
58695
59089
59049
53309
58832
58833
58816
60115
60116
57266
59117
51854
53369
59249
59638
59612
59611
59609
59626
59625
59624
59640
59639
58509
57265
58498
58499
55038
58502
54448
58508
50767
50770
50769
50764
50763
50765
50772
50771
50077
50076
50075
50074
50073
50072
50070
52941
52942
52939
52940
52945
52946
50078
55309
58723
55307
55308
51038
55314
55311
55312
51040
55316
60366
54256
54254
54253
54260
54259
54258
54257
50834
54262
54261
61113
61109
61107
51934
51910
51937
51912
61117
61115
61094
53095
53096
53089
53090
53087
53088
53094
53091
53092
58441
51492
60904
58279
60909
54733
58147
58223
58439
55698
55697
55696
55695
55702
55701
55700
55699
55704
55703
50853
55146
50856
53408
50858
50857
50860
50859
50833
60240
52731
60237
58224
61985
60234
57361
57362
57363
57364
57357
57358
57359
57360
57365
54655
54552
54653
56613
56612
56615
56614
56609
56608
56611
56610
54651
56617
56616
54650
52303
54553
51605
60841
50996
58945
50994
58725
54134
60204
58724
58606
55144
52345
52344
52343
52342
51847
51846
51849
51848
53689
51850
55198
53685
53688
53681
53682
53683
53684
54634
54635
54632
54881
54630
54631
54884
54629
54886
54887
54636
54637
61673
61672
61674
61631
61601
61600
52085
52084
52083
61630
61635
55063
55062
55065
55064
55059
55058
55061
51598
55067
55066
59986
59925
51913
59927
59885
59814
59985
59928
51133
50883
50884
50885
50886
50888
50889
50890
50891
50892
55202
51774
51775
51768
51769
51771
56814
56813
56812
56811
56810
56809
56808
56807
56806
56805
58539
58537
58536
53765
50671
58542
50667
50668
50669
58534
50663
50664
50665
57536
57535
57534
57533
57532
57531
57530
57529
57528
57527
54590
52466
58869
54588
60921
54589
58964
59187
58823
52472
60917
51246
51244
51245
51242
51243
51240
51241
51516
51248
51249
54074
61578
54072
54073
54071
54792
54069
54070
55182
54076
54077
61683
50147
57035
58821
58824
50980
57041
55890
55891
55888
55889
55886
55884
55885
58820
59919
55892
55893
50973
50974
50971
50975
59645
60856
61293
51431
55971
55972
55963
51430
51950
55966
55967
55968
55969
55970
52978
52624
59310
59309
52615
52617
52618
52619
52620
52621
52622
58757
58892
58907
58795
58796
58875
58877
58752
58876
61954
60164
60163
60162
60160
60166
54820
59656
59650
59148
59654
59652
59648
59670
59668
59669
53519
53517
53516
53514
58698
53521
52881
52882
52883
52884
50712
50711
50710
50709
50708
50707
50706
59094
50703
51060
51059
51052
51051
51054
51053
51056
51055
51058
51057
56891
54282
54281
54274
54276
54275
54277
54280
54279
53107
53110
53111
61533
53113
53114
60408
51618
60751
55723
60884
55716
55715
55718
55717
55720
55719
55722
55721
60410
60750
58598
52043
51600
51621
60313
60322
60329
57339
57340
57343
52045
57341
57342
57202
60391
60367
56549
60394
58115
56554
60393
60278
60279
61006
58012
53462
53463
53464
53465
53466
55034
59413
58031
58453
58303
58075
55032
59414
57920
57917
57919
52323
52322
52325
52324
52318
52327
52326
52050
53669
51874
51873
53664
53661
53665
51866
60139
52103
54616
54617
54866
60140
54612
54613
54614
54615
54860
60144
54610
54611
61650
61656
60146
61652
61651
61649
56845
61655
61654
56846
55121
55120
55119
52203
55125
60138
55123
55122
55127
60136
50132
50130
50134
50139
55868
59173
59182
59180
59185
59184
59183
59186
59179
59181
57183
57184
57179
57180
57182
57188
56790
56789
56792
56791
56786
56785
56788
56787
56794
56793
50080
50081
58466
58467
58472
58469
56564
58393
58470
58471
56522
56521
56520
56519
60813
60815
56524
56523
60822
60805
60807
60811
60814
60816
60818
60820
57552
57551
57554
57553
57548
57547
57550
57549
57556
57555
57754
61169
61226
59134
61168
61223
61174
61172
59136
59135
50650
50651
51488
50649
50646
50647
50644
50645
53053
53052
53055
51497
53049
53048
53051
50652
58747
53845
53844
53847
53846
53841
53840
53843
56646
53849
52460
60980
60993
50526
50034
56921
50822
61292
58069
61518
57055
56930
51966
55950
55951
55948
55949
55946
55947
55944
55945
51286
55952
55953
50986
50985
50988
50987
57318
57317
50983
60794
58667
60796
60792
55161
55160
60741
60740
58897
58783
60390
56033
58781
56073
60186
60135
60114
60178
58735
58302
58312
58295
58296
55046
55047
60423
53536
53535
53537
55042
53534
53533
52641
54446
52639
52640
52637
56607
52635
52636
52907
52908
52905
52903
52904
52901
52902
52899
52900
55274
55275
55272
55273
61748
61763
55268
55269
61823
61745
61746
55276
51384
51729
53758
61222
58129
50480
60122
60121
51715
51716
61120
52141
53135
53136
53133
53134
53131
53132
53129
53130
53127
53128
58449
54928
54931
50724
50723
50726
52140
50728
50730
50731
52131
52376
52377
52143
51990
60293
58273
58248
60575
58249
59133
58083
60571
60553
58087
60307
57405
57406
57397
57398
57399
57400
57401
57402
57403
57404
56578
56577
61203
56570
59771
58324
58323
56574
56573
56576
56575
61173
52301
54654
52299
52298
52305
52304
54649
54648
52307
52306
54657
54656
53722
53723
53724
53725
53726
53729
53730
61283
51549
51604
52475
52474
54596
54597
52467
54591
52469
52468
54594
54595
54592
54593
61615
51554
57824
57825
57822
57823
57820
57821
57818
57819
57816
57817
55107
50115
50114
50116
50111
50110
50113
50112
53210
50119
60047
61905
61904
60076
60077
61796
58545
57201
58082
57199
57200
57205
57206
57203
57204
57207
57208
60310
57933
56768
56767
56766
52537
56772
56771
56770
56769
56774
56773
57929
59983
50408
59710
58091
52226
59489
61150
58214
58446
58447
58216
57927
58228
58218
58418
57928
57570
57569
57568
57573
57572
57571
57576
57575
59679
59677
56965
51730
55445
51732
51733
58646
58813
56969
59647
58644
58704
57851
57848
58135
61206
58259
58260
55444
61175
57846
61181
61183
51718
60716
58660
51556
57227
51287
51288
57228
51281
51282
51279
51280
51285
58638
51283
51284
60715
55247
57140
57854
57389
57855
58016
57387
55583
55584
55579
55580
55581
55582
55575
55576
55577
55578
60912
58153
58152
56598
58156
58157
58236
58237
57391
